1	0.333045,0.011404	0.087019,0.010846	0.335290,0.009494	0.278381,0.011511
2	0.399383,0.015190	0.117723,0.015392	0.386208,0.014600	0.296018,0.015445
3	0.407637,0.017546	0.131026,0.018614	0.418799,0.016418	0.318144,0.018880
4	0.491329,0.020831	0.177448,0.021879	0.498775,0.018407	0.348819,0.025118
5	0.473246,0.024481	0.185121,0.025780	0.455978,0.023392	0.321072,0.030125
6	0.512106,0.025704	0.228346,0.033860	0.500904,0.024974	0.303230,0.032901
7	0.542371,0.031460	0.208895,0.033691	0.520879,0.028208	0.360596,0.032636
8	0.529266,0.031411	0.197796,0.046166	0.486213,0.034091	0.314929,0.040669
9	0.433196,0.042852	0.126641,0.032871	0.421908,0.028918	0.177898,0.037983
10	0.526207,0.040329	0.248931,0.051774	0.478503,0.043667	0.209058,0.051468
11	0.578748,0.036324	0.276161,0.045282	0.527054,0.039624	0.284063,0.062378
12	0.559371,0.045977	0.324055,0.046326	0.592642,0.043572	0.301885,0.063321
13	0.610345,0.045225	0.259180,0.064228	0.525295,0.047939	0.256880,0.070221
14	0.623304,0.047779	0.208209,0.070575	0.579151,0.054651	0.342950,0.068404
15	0.694031,0.041929	0.278571,0.070722	0.663510,0.046751	0.227264,0.085338
16	0.647312,0.056395	0.299618,0.074518	0.620535,0.052463	0.194528,0.104565
17	0.617573,0.061959	0.087230,0.078961	0.544127,0.068866	0.278547,0.096113
18	0.613075,0.064124	0.321727,0.093191	0.504843,0.090408	0.221796,0.108632
19	0.702317,0.051780	0.322836,0.075289	0.582053,0.074606	0.251941,0.090995
20	0.714811,0.051990	0.191475,0.120268	0.585799,0.076106	0.254098,0.118049
21	0.699503,0.060294	0.218838,0.089497	0.650797,0.067407	0.400051,0.109624
22	0.750669,0.041794	0.370058,0.088729	0.611894,0.064451	0.127848,0.096531
23	0.740278,0.045203	0.426681,0.098962	0.568642,0.068600	0.296894,0.106229
24	0.769457,0.057700	0.308106,0.196259	0.416920,0.098924	-0.085724,0.125029
25	0.759564,0.059945	0.503026,0.098599	0.584684,0.074468	0.350677,0.110107
26	0.618759,0.080028	0.118581,0.089769	0.538420,0.086126	0.212323,0.123699
27	0.842442,0.034026	0.305258,0.155491	0.491418,0.113727	-0.198093,0.172571
28	0.673451,0.084521	0.602088,0.113434	0.469759,0.115734	-0.088356,0.152487
29	0.769367,0.038367	0.413093,0.148326	0.577824,0.100228	0.173354,0.155865
30	0.839864,0.036966	0.691955,0.101079	0.786449,0.057534	0.430674,0.133159
